999999999999999991
999999999999999992
999999999999999993
999999999999999994
999999999999999995
999999999999999996
999999999999999997
999999999999999998
999999999999999999
1000000000000000000
616103218085659023
147715044266613740
533510825650481153
22212533415510127
3096757976439713
950824114805298727
76340202141946466
862619501925097953
141059173274651704
43774877342812003
434085199961854298
155400371360577292
776670181794935788
178721684335913210
326810871393889953
556595484567394943
2
4
6
7
9
10
11
12
13
14
15
3
5
8